a   28     0     0     0     0     0     0     0     0     0     8     0     0     0     0     0     0     4     0     0     0     0     0     0     0     0     0     0     0     0     0     0     0     0     0     0     0
b    0    21     0    13     1     0     0     0     0     0     0     0     0     0     0     5     0     0     0     0     0     0     0     0     0     0     0     0     0     0     0     0     0     0     0     0     0
c    0     0    33     0     0     0     0     0     0     0     0     0     0     0     2     0     3     0     0     0     0     0     0     0     0     0     0     0     0     0     0     0     0     0     0     2     0
d    0     2     0    32     0     0     0     0     0     0     0     0     0     0     0     6     0     0     0     0     0     0     0     0     0     0     0     0     0     0     0     0     0     0     0     0     0
e    0     2     0     1    24     0     0     0    11     0     1     0     0     0     0     1     0     0     0     0     0     0     0     0     0     0     0     0     0     0     0     0     0     0     0     0     0
f    3     0     0     0     1    17     0     0    11     0     4     0     0     2     0     2     0     0     0     0     0     0     0     0     0     0     0     0     0     0     0     0     0     0     0     0     0
g    0     0     0     0     0     0     6     0     0     0     2     2    26     3     0     0     0     0     0     0     1     0     0     0     0     0     0     0     0     0     0     0     0     0     0     0     0
h    0     0     3     0     0     0     0    18     0     0     0     0     0     0     0     0    13     0     0     0     0     0     0     0     0     0     0     1     0     0     0     0     0     0     0     5     0
i    0     0     0     0     0     1     0     0    38     0     1     0     0     0     0     0     0     0     0     0     0     0     0     0     0     0     0     0     0     0     0     0     0     0     0     0     0
j    1     0     0     0     0     0     0     0     0    37     1     0     0     0     0     0     0     0     0     0     0     0     0     0     0     0     0     1     0     0     0     0     0     0     0     0     0
k    1     0     0     0     0     0     1     0     7     0    24     0     3     1     0     0     3     0     0     0     0     0     0     0     0     0     0     0     0     0     0     0     0     0     0     0     0
l    0     0     0     0     2     2     0     0     0     0     0    36     0     0     0     0     0     0     0     0     0     0     0     0     0     0     0     0     0     0     0     0     0     0     0     0     0
m    0     0     0     0     0     0     2     0     0     0     0     0    30     4     0     0     0     0     0     0     2     0     1     0     1     0     0     0     0     0     0     0     0     0     0     0     0
n    0     0     0     0     0     0     4     0     0     0     0     0     3    27     0     0     0     0     0     0     0     0     6     0     0     0     0     0     0     0     0     0     0     0     0     0     0
o    0     0     0     0     0     0     0     0     0     0     0     0     0     0    35     0     0     0     0     0     2     1     2     0     0     0     0     0     0     0     0     0     0     0     0     0     0
p    0     0     0     6     0     0     2     0     0     0     0     0     0     1     0    30     0     0     0     0     0     1     0     0     0     0     0     0     0     0     0     0     0     0     0     0     0
q    0     0     0     0     0     0     0     0     0     0     0     0     0     0     4     0    33     0     0     0     0     0     0     0     0     0     0     1     0     0     0     0     0     0     0     2     0
r    2     2     0     0     0     0     0     0     0     0     9     0     0     0     0     0     0    27     0     0     0     0     0     0     0     0     0     0     0     0     0     0     0     0     0     0     0
s    0     0     0     0     0     0     0     0     0     0     0     0     0     0     0     0     0     0    40     0     0     0     0     0     0     0     0     0     0     0     0     0     0     0     0     0     0
t    0     0     0     0     0     0     0     0     0     0     0     0     0     0     0     0     0     0     0    37     0     0     0     0     0     1     0     2     0     0     0     0     0     0     0     0     0
u    0     0     0     0     0     0     0     0     0     0     0     2     0     0     0     0     0     0     0     0    29     5     0     0     4     0     0     0     0     0     0     0     0     0     0     0     0
v    0     0     0     0     0     0     0     0     0     0     0     0     0     0     0     0     0     0     0     0     0    37     3     0     0     0     0     0     0     0     0     0     0     0     0     0     0
w    0     0     0     0     0     0     0     0     0     0     0     0     0     2     0     0     0     0     0     0     0     4    32     2     0     0     0     0     0     0     0     0     0     0     0     0     0
x    0     0     0     0     0     0     0     0     0     0     0     0     0     0     0     0     0     0     0     0     0     1     0    33     6     0     0     0     0     0     0     0     0     0     0     0     0
y    0     0     0     0     0     0     0     0     0     0     0     0     0     0     0     0     0     0     0     0     1     2     0     4    33     0     0     0     0     0     0     0     0     0     0     0     0
z    0     0     0     0     0     0     0     0     0     0     0     0     0     0     0     0     0     0     0     0     0     0     0     0     0    39     0     0     0     1     0     0     0     0     0     0     0
0    0     0     0     0     0     0     0     0     0     0     0     0     0     0     3     0     1     0     2     0     3     0     0     2     0     0    28     0     0     0     0     0     0     0     0     1     0
1    0     0     0     0     0     0     0     0     3     0     0     0     0     0     0     0     0     0     0     0     0     0     0     0     0     0     0    37     0     0     0     0     0     0     0     0     0
2    0     0     0     0     0     0     0     0     0     0     0     0     0     0     0     0     0     0     0     0     0     0     0     0     0     3     0     0    35     0     0     0     0     2     0     0     0
3    0     0     0     0     0     0     0     0     0     0     0     0     0     0     0     0     0     0     0     0     0     0     0     0     0     0     0     0     0    36     0     0     0     4     0     0     0
4    0     0     0     0     0     0     0     0     0     0     0     0     0     0     0     0     0     0     0     0     0     0     0     0     0     0     0     0     0     0    36     1     0     0     0     3     0
5    1     0     0     0     0     0     0     0     0     7     0     0     0     0     0     0     0     0     0     0     0     0     0     0     0     0     0     0     0     0     0    32     0     0     0     0     0
6    0     0     0     0     0     0     0     0     0     0     0     0     0     0    17     0     0     0     0     0     0     0     0     0     0     0     0     0     0     0     0     0    23     0     0     0     0
7    0     0     0     0     0     0     0     0     0     0     0     0     0     0     0     0     0     0     0     0     0     0     0     0     0     4     0     0     0     3     0     0     0    33     0     0     0
8    0     0     0     0     0     0     0     0     0     0     0     0     0     0     2     0     1     0     0     1     0     0     0     0     0     0     0     1     0     0     0     0     0     0    35     0     0
9    0     0     0     0     0     0     0     2     0     0     0     0     0     0     0     0     3     0     0     0     0     0     1     0     0     0     2     0     0     0     0     0     0     0     0    32     0
-    2     0     0     0     0     0     0     0     0     0     0     0     0     0     0     0     0     0     0     0     0     0     0     0     0     0     0     0     0     0     0     0     0     0     0     0   150
Loss 0.6457233083248138, Accuracy 0.7870603203773499