    0     0     0     0     0     0     0     0    40     0     0     0
    0    18     0     0     0     0     0     0    21     1     0     0
    0     0     0     0     0     0     0     0    40     0     0     0
    0     0     0     0     0     0     0     0    40     0     0     0
    0     0     0     0     0     0     0     0    40     0     0     0
    0     5     0     0     0     0     0     0    33     2     0     0
    0     0     0     0     0     0     0     0    40     0     0     0
    0     0     0     0     0     0     0     0    40     0     0     0
    0     0     0     0     0     0     0     0    40     0     0     0
    0    13     0     0     0     0     0     0    27     0     0     0
    0     1     0     0     0     0     0     0    39     0     0     0
    0     0     0     0     0     0     0     0     4     0     0    56
