   40     0     0     0     0     0     0     0     0     0     0     0     0     0     0     0     0     0     0     0     0     0     0     0     0     0     0     0     0     0     0     0     0     0     0     0     0
    0    25     0     0     0     0     0     0     0     0     4     0     0     0     0     6     0     5     0     0     0     0     0     0     0     0     0     0     0     0     0     0     0     0     0     0     0
    0     0    38     0     0     0     0     0     0     0     0     0     0     0     0     0     0     0     0     0     0     0     0     0     0     1     0     0     0     0     0     0     0     1     0     0     0
    0     0     0    11     0     0     0     0     0     0     0     0     0     0     0     4     0     0     0     0     0     0     0    25     0     0     0     0     0     0     0     0     0     0     0     0     0
    0     0     0     0    35     5     0     0     0     0     0     0     0     0     0     0     0     0     0     0     0     0     0     0     0     0     0     0     0     0     0     0     0     0     0     0     0
    0     0     0     0     0    40     0     0     0     0     0     0     0     0     0     0     0     0     0     0     0     0     0     0     0     0     0     0     0     0     0     0     0     0     0     0     0
    0     0     0     0     0     0    38     0     0     0     0     0     1     0     0     0     0     0     0     0     0     0     0     1     0     0     0     0     0     0     0     0     0     0     0     0     0
    0     0     0     0     0     0     0    38     0     0     0     0     0     0     1     0     1     0     0     0     0     0     0     0     0     0     0     0     0     0     0     0     0     0     0     0     0
    0     0     0     0     0    24     0     0    16     0     0     0     0     0     0     0     0     0     0     0     0     0     0     0     0     0     0     0     0     0     0     0     0     0     0     0     0
    0     0     0     0     0     1     0     0     0    38     0     0     0     0     0     0     0     0     0     0     0     0     0     0     0     0     0     0     0     0     0     1     0     0     0     0     0
    0     4     0     0     0     0     0     0     0     0    35     0     0     0     0     0     0     1     0     0     0     0     0     0     0     0     0     0     0     0     0     0     0     0     0     0     0
    0     0     0     0     0     0     0     0     0     0     0    39     0     0     0     1     0     0     0     0     0     0     0     0     0     0     0     0     0     0     0     0     0     0     0     0     0
    0     0     0     0     0     0     0     0     0     0     0     0    40     0     0     0     0     0     0     0     0     0     0     0     0     0     0     0     0     0     0     0     0     0     0     0     0
    0     0     0     0     0     0     0     0     0     0     0     0     0    10     0     0     0     0     0     0     0     0    29     1     0     0     0     0     0     0     0     0     0     0     0     0     0
    0     0     0     0     0     0     0     1     0     0     0     0     0     0    38     0     0     0     0     0     0     0     0     0     0     0     1     0     0     0     0     0     0     0     0     0     0
    0     2     0     0     0     0     0     0     0     0     0     0     0     0     0    38     0     0     0     0     0     0     0     0     0     0     0     0     0     0     0     0     0     0     0     0     0
    0     0     0     0     0     0     0     0     0     0     0     0     0     0     0     0    40     0     0     0     0     0     0     0     0     0     0     0     0     0     0     0     0     0     0     0     0
    0     3     0     0     0     0     0     0     0     0    19     0     0     0     0     0     0    18     0     0     0     0     0     0     0     0     0     0     0     0     0     0     0     0     0     0     0
    0     0     0     0     0     0     0     0     0     0     0     0     0     0     0     0     0     0    38     0     0     0     0     0     0     0     0     0     0     0     0     0     1     1     0     0     0
    0     0     0     0     0     0     0     0     0     0     0     0     0     0     0     0     0     0     0    13     0     0     0     0     0     2     0     0     0     0     0     0     0    25     0     0     0
    0     0     0     0     0     0     0     0     0     0     0     0     0     0     0     0     0     0     0     0    29     0     3     8     0     0     0     0     0     0     0     0     0     0     0     0     0
    0     0     0     0     0     0     0     0     0     0     0     0     0     0     0     0     0     0     0     0     0    36     0     4     0     0     0     0     0     0     0     0     0     0     0     0     0
    0     0     0     0     0     0     0     0     0     0     0     0     0     0     0     0     0     0     0     0     0     0    40     0     0     0     0     0     0     0     0     0     0     0     0     0     0
    0     0     0     0     0     0     0     0     0     0     0     0     0     0     0     1     0     0     0     0     0     0     1    38     0     0     0     0     0     0     0     0     0     0     0     0     0
    0     2     0     0     0     0     0     1     0     0     3     2     2     0     0     0     0     0     0     0     0     0     0     2    28     0     0     0     0     0     0     0     0     0     0     0     0
    0     0     0     0     0     0     0     0     0     0     0     0     0     0     0     0     0     0     0     0     0     0     0     0     0    39     0     0     1     0     0     0     0     0     0     0     0
    0     0     0     0     0     0     1     3     0     0     0     0     0     0     2     0     0     0     0     0     0     0     0     0     0     0    34     0     0     0     0     0     0     0     0     0     0
    0     0     0     0     0     0     0     1     0     0     0     0     0     0     0     0     0     0     0     0     0     0     0     0     0     1     0    38     0     0     0     0     0     0     0     0     0
    0     0     0     0     0     0     0     0     0     0     0     0     0     0     0     0     0     0     0     0     0     0     0     0     0     2     0     0    38     0     0     0     0     0     0     0     0
    0     0     0     0     0     0     0     0     0     0     0     0     0     0     0     0     0     0     0     0     0     0     0     0     0     2     0     0     0    38     0     0     0     0     0     0     0
    0     0     0     0     0     0     0     0     0     0     0     0     0     0     0     0     0     0     0     1     0     0     0     0     0     0     0     0     0     0    38     0     0     1     0     0     0
    0     0     0     0     0     0     0     0     0     0     0     0     0     0     0     0     0     0     0     0     0     0     0     0     0     0     0     0     0     0     0    40     0     0     0     0     0
    0     0     0     0     0     0     0     3     0     0     0     0     0     0     3     0     0     0     0     0     0     0     0     0     0     0     2     0     0     0     0     0    31     1     0     0     0
    0     0     2     0     0     0     0     0     0     0     0     0     0     0     0     0     0     0     0     0     0     0     0     0     0     0     0     0     0     0     0     0     0    38     0     0     0
    0     0     0     0     0     0     0     0     0     0     0     0     0     0     0     0     0     0     0     0     0     0     0     0     0     0     0     0     0     0     0     0     0     0    40     0     0
    0     0     0     0     0     0     0     0     0     0     0     0     0     0     0     0     0     0     0     0     0     0     0     0     0     0     0     0     0     0     0     0     0     0     0    40     0
    0     0     0     0     0     0     0     0     0     0     0     0     0     0     0     0     0     0     0     0     0     0     0     0     0     0     0     0     0     0     0     0     0     0     0     0    32
