   39     0     0     0     0     0     0     1     0     0     0     0
    0    38     0     0     0     0     0     0     0     2     0     0
    0     0    38     0     0     2     0     0     0     0     0     0
    0     0     0    40     0     0     0     0     0     0     0     0
    0     0     0     0    40     0     0     0     0     0     0     0
    0     0     0     0     0    38     2     0     0     0     0     0
    0     0     1     0     2     1    34     2     0     0     0     0
    0     0     0     0     1     0     7    32     0     0     0     0
    0     0     0     0     0     0     0     0    40     0     0     0
    0     5     0     0     0     0     0     0     0    35     0     0
    0     0     0     3     0     0     0     0     0     0    37     0
    0     0     4     0     0     0     0     0     0     0     0    56
