    0     0    23    12     0     0     1     0     0     0     4     0
    0    39     0     0     0     0     0     0     0     1     0     0
    0     0    36     0     0     0     0     0     4     0     0     0
    0     0     3    25     0     1     0     0     0     0    11     0
    0     0    40     0     0     0     0     0     0     0     0     0
    0     0     0     6     0    15     0     0     0     2    17     0
    0     0    40     0     0     0     0     0     0     0     0     0
    0     0    38     1     0     0     1     0     0     0     0     0
    0     0     0     1     0     0     0     0    39     0     0     0
    0    13     0     0     0     0     0     0     0    27     0     0
    0     0     0     2     0     5     0     0     1     3    29     0
    0     0     2     0     0     0     0     0     0     0     0    58
